gain	0	1	-67.87
gain	1	0	-67.87
gain	0	2	-83.51
gain	2	0	-83.51
gain	0	3	-88.28
gain	3	0	-88.28
gain	0	4	-102.65
gain	4	0	-102.65
gain	0	5	-104.59
gain	5	0	-104.59
gain	0	6	-104.86
gain	6	0	-104.86
gain	0	7	-109.34
gain	7	0	-109.34
gain	0	8	-65.40
gain	8	0	-65.40
gain	0	9	-79.64
gain	9	0	-79.64
gain	0	10	-91.66
gain	10	0	-91.66
gain	0	11	-91.93
gain	11	0	-91.93
gain	0	12	-98.18
gain	12	0	-98.18
gain	0	13	-99.49
gain	13	0	-99.49
gain	0	14	-109.60
gain	14	0	-109.60
gain	0	15	-114.96
gain	15	0	-114.96
gain	0	16	-86.35
gain	16	0	-86.35
gain	0	17	-88.92
gain	17	0	-88.92
gain	0	18	-85.62
gain	18	0	-85.62
gain	0	19	-94.03
gain	19	0	-94.03
gain	0	20	-106.16
gain	20	0	-106.16
gain	0	21	-105.43
gain	21	0	-105.43
gain	0	22	-107.68
gain	22	0	-107.68
gain	0	23	-114.71
gain	23	0	-114.71
gain	0	24	-91.50
gain	24	0	-91.50
gain	0	25	-91.94
gain	25	0	-91.94
gain	0	26	-90.98
gain	26	0	-90.98
gain	0	27	-99.73
gain	27	0	-99.73
gain	0	28	-105.01
gain	28	0	-105.01
gain	0	29	-104.67
gain	29	0	-104.67
gain	0	30	-105.85
gain	30	0	-105.85
gain	0	31	-108.67
gain	31	0	-108.67
gain	0	32	-99.06
gain	32	0	-99.06
gain	0	33	-96.69
gain	33	0	-96.69
gain	0	34	-95.92
gain	34	0	-95.92
gain	0	35	-99.23
gain	35	0	-99.23
gain	0	36	-110.01
gain	36	0	-110.01
gain	0	37	-104.41
gain	37	0	-104.41
gain	0	38	-106.39
gain	38	0	-106.39
gain	0	39	-110.93
gain	39	0	-110.93
gain	0	40	-101.91
gain	40	0	-101.91
gain	0	41	-102.95
gain	41	0	-102.95
gain	0	42	-102.50
gain	42	0	-102.50
gain	0	43	-103.81
gain	43	0	-103.81
gain	0	44	-113.55
gain	44	0	-113.55
gain	0	45	-112.25
gain	45	0	-112.25
gain	0	46	-110.42
gain	46	0	-110.42
gain	0	47	-118.04
gain	47	0	-118.04
gain	0	48	-112.01
gain	48	0	-112.01
gain	0	49	-110.41
gain	49	0	-110.41
gain	0	50	-111.97
gain	50	0	-111.97
gain	0	51	-104.17
gain	51	0	-104.17
gain	0	52	-108.34
gain	52	0	-108.34
gain	0	53	-108.38
gain	53	0	-108.38
gain	0	54	-112.93
gain	54	0	-112.93
gain	0	55	-109.20
gain	55	0	-109.20
gain	0	56	-106.18
gain	56	0	-106.18
gain	0	57	-110.43
gain	57	0	-110.43
gain	0	58	-111.08
gain	58	0	-111.08
gain	0	59	-105.33
gain	59	0	-105.33
gain	0	60	-114.46
gain	60	0	-114.46
gain	0	61	-110.71
gain	61	0	-110.71
gain	0	62	-117.11
gain	62	0	-117.11
gain	0	63	-116.50
gain	63	0	-116.50
gain	1	2	-69.25
gain	2	1	-69.25
gain	1	3	-85.65
gain	3	1	-85.65
gain	1	4	-92.30
gain	4	1	-92.30
gain	1	5	-101.39
gain	5	1	-101.39
gain	1	6	-98.63
gain	6	1	-98.63
gain	1	7	-106.71
gain	7	1	-106.71
gain	1	8	-81.51
gain	8	1	-81.51
gain	1	9	-66.28
gain	9	1	-66.28
gain	1	10	-78.09
gain	10	1	-78.09
gain	1	11	-88.48
gain	11	1	-88.48
gain	1	12	-95.95
gain	12	1	-95.95
gain	1	13	-97.61
gain	13	1	-97.61
gain	1	14	-100.96
gain	14	1	-100.96
gain	1	15	-106.25
gain	15	1	-106.25
gain	1	16	-82.85
gain	16	1	-82.85
gain	1	17	-86.49
gain	17	1	-86.49
gain	1	18	-88.14
gain	18	1	-88.14
gain	1	19	-87.17
gain	19	1	-87.17
gain	1	20	-93.84
gain	20	1	-93.84
gain	1	21	-100.41
gain	21	1	-100.41
gain	1	22	-101.76
gain	22	1	-101.76
gain	1	23	-104.72
gain	23	1	-104.72
gain	1	24	-95.89
gain	24	1	-95.89
gain	1	25	-99.15
gain	25	1	-99.15
gain	1	26	-100.19
gain	26	1	-100.19
gain	1	27	-95.49
gain	27	1	-95.49
gain	1	28	-102.09
gain	28	1	-102.09
gain	1	29	-102.16
gain	29	1	-102.16
gain	1	30	-107.99
gain	30	1	-107.99
gain	1	31	-107.51
gain	31	1	-107.51
gain	1	32	-98.56
gain	32	1	-98.56
gain	1	33	-95.29
gain	33	1	-95.29
gain	1	34	-91.98
gain	34	1	-91.98
gain	1	35	-89.95
gain	35	1	-89.95
gain	1	36	-106.39
gain	36	1	-106.39
gain	1	37	-102.82
gain	37	1	-102.82
gain	1	38	-110.27
gain	38	1	-110.27
gain	1	39	-103.85
gain	39	1	-103.85
gain	1	40	-108.82
gain	40	1	-108.82
gain	1	41	-107.73
gain	41	1	-107.73
gain	1	42	-110.39
gain	42	1	-110.39
gain	1	43	-103.90
gain	43	1	-103.90
gain	1	44	-108.81
gain	44	1	-108.81
gain	1	45	-109.23
gain	45	1	-109.23
gain	1	46	-110.97
gain	46	1	-110.97
gain	1	47	-105.91
gain	47	1	-105.91
gain	1	48	-102.91
gain	48	1	-102.91
gain	1	49	-108.49
gain	49	1	-108.49
gain	1	50	-108.17
gain	50	1	-108.17
gain	1	51	-110.54
gain	51	1	-110.54
gain	1	52	-107.15
gain	52	1	-107.15
gain	1	53	-107.19
gain	53	1	-107.19
gain	1	54	-109.83
gain	54	1	-109.83
gain	1	55	-113.37
gain	55	1	-113.37
gain	1	56	-110.79
gain	56	1	-110.79
gain	1	57	-106.75
gain	57	1	-106.75
gain	1	58	-112.16
gain	58	1	-112.16
gain	1	59	-109.82
gain	59	1	-109.82
gain	1	60	-110.32
gain	60	1	-110.32
gain	1	61	-107.76
gain	61	1	-107.76
gain	1	62	-113.75
gain	62	1	-113.75
gain	1	63	-110.96
gain	63	1	-110.96
gain	2	3	-67.97
gain	3	2	-67.97
gain	2	4	-82.73
gain	4	2	-82.73
gain	2	5	-94.17
gain	5	2	-94.17
gain	2	6	-99.65
gain	6	2	-99.65
gain	2	7	-104.70
gain	7	2	-104.70
gain	2	8	-80.62
gain	8	2	-80.62
gain	2	9	-68.35
gain	9	2	-68.35
gain	2	10	-66.27
gain	10	2	-66.27
gain	2	11	-74.60
gain	11	2	-74.60
gain	2	12	-82.42
gain	12	2	-82.42
gain	2	13	-93.16
gain	13	2	-93.16
gain	2	14	-99.44
gain	14	2	-99.44
gain	2	15	-100.45
gain	15	2	-100.45
gain	2	16	-87.67
gain	16	2	-87.67
gain	2	17	-82.10
gain	17	2	-82.10
gain	2	18	-86.39
gain	18	2	-86.39
gain	2	19	-85.93
gain	19	2	-85.93
gain	2	20	-93.27
gain	20	2	-93.27
gain	2	21	-98.14
gain	21	2	-98.14
gain	2	22	-102.85
gain	22	2	-102.85
gain	2	23	-105.67
gain	23	2	-105.67
gain	2	24	-97.33
gain	24	2	-97.33
gain	2	25	-89.99
gain	25	2	-89.99
gain	2	26	-92.43
gain	26	2	-92.43
gain	2	27	-94.08
gain	27	2	-94.08
gain	2	28	-94.63
gain	28	2	-94.63
gain	2	29	-97.07
gain	29	2	-97.07
gain	2	30	-100.06
gain	30	2	-100.06
gain	2	31	-101.71
gain	31	2	-101.71
gain	2	32	-95.91
gain	32	2	-95.91
gain	2	33	-97.26
gain	33	2	-97.26
gain	2	34	-97.57
gain	34	2	-97.57
gain	2	35	-99.89
gain	35	2	-99.89
gain	2	36	-104.59
gain	36	2	-104.59
gain	2	37	-104.99
gain	37	2	-104.99
gain	2	38	-101.24
gain	38	2	-101.24
gain	2	39	-111.84
gain	39	2	-111.84
gain	2	40	-109.28
gain	40	2	-109.28
gain	2	41	-97.71
gain	41	2	-97.71
gain	2	42	-99.25
gain	42	2	-99.25
gain	2	43	-103.73
gain	43	2	-103.73
gain	2	44	-98.13
gain	44	2	-98.13
gain	2	45	-108.83
gain	45	2	-108.83
gain	2	46	-107.47
gain	46	2	-107.47
gain	2	47	-105.40
gain	47	2	-105.40
gain	2	48	-105.37
gain	48	2	-105.37
gain	2	49	-108.75
gain	49	2	-108.75
gain	2	50	-106.30
gain	50	2	-106.30
gain	2	51	-100.84
gain	51	2	-100.84
gain	2	52	-115.22
gain	52	2	-115.22
gain	2	53	-109.47
gain	53	2	-109.47
gain	2	54	-104.55
gain	54	2	-104.55
gain	2	55	-108.80
gain	55	2	-108.80
gain	2	56	-110.09
gain	56	2	-110.09
gain	2	57	-101.26
gain	57	2	-101.26
gain	2	58	-112.03
gain	58	2	-112.03
gain	2	59	-108.94
gain	59	2	-108.94
gain	2	60	-111.94
gain	60	2	-111.94
gain	2	61	-109.19
gain	61	2	-109.19
gain	2	62	-107.80
gain	62	2	-107.80
gain	2	63	-117.61
gain	63	2	-117.61
gain	3	4	-70.01
gain	4	3	-70.01
gain	3	5	-80.99
gain	5	3	-80.99
gain	3	6	-94.37
gain	6	3	-94.37
gain	3	7	-92.38
gain	7	3	-92.38
gain	3	8	-92.29
gain	8	3	-92.29
gain	3	9	-91.24
gain	9	3	-91.24
gain	3	10	-79.56
gain	10	3	-79.56
gain	3	11	-74.04
gain	11	3	-74.04
gain	3	12	-74.61
gain	12	3	-74.61
gain	3	13	-88.33
gain	13	3	-88.33
gain	3	14	-94.23
gain	14	3	-94.23
gain	3	15	-101.25
gain	15	3	-101.25
gain	3	16	-96.52
gain	16	3	-96.52
gain	3	17	-91.88
gain	17	3	-91.88
gain	3	18	-84.26
gain	18	3	-84.26
gain	3	19	-83.60
gain	19	3	-83.60
gain	3	20	-89.67
gain	20	3	-89.67
gain	3	21	-87.06
gain	21	3	-87.06
gain	3	22	-92.31
gain	22	3	-92.31
gain	3	23	-90.29
gain	23	3	-90.29
gain	3	24	-100.21
gain	24	3	-100.21
gain	3	25	-94.76
gain	25	3	-94.76
gain	3	26	-89.78
gain	26	3	-89.78
gain	3	27	-94.16
gain	27	3	-94.16
gain	3	28	-95.66
gain	28	3	-95.66
gain	3	29	-96.41
gain	29	3	-96.41
gain	3	30	-96.53
gain	30	3	-96.53
gain	3	31	-102.96
gain	31	3	-102.96
gain	3	32	-103.44
gain	32	3	-103.44
gain	3	33	-105.60
gain	33	3	-105.60
gain	3	34	-104.71
gain	34	3	-104.71
gain	3	35	-93.85
gain	35	3	-93.85
gain	3	36	-94.95
gain	36	3	-94.95
gain	3	37	-101.30
gain	37	3	-101.30
gain	3	38	-101.65
gain	38	3	-101.65
gain	3	39	-105.82
gain	39	3	-105.82
gain	3	40	-108.91
gain	40	3	-108.91
gain	3	41	-110.06
gain	41	3	-110.06
gain	3	42	-100.20
gain	42	3	-100.20
gain	3	43	-104.55
gain	43	3	-104.55
gain	3	44	-98.36
gain	44	3	-98.36
gain	3	45	-102.38
gain	45	3	-102.38
gain	3	46	-106.59
gain	46	3	-106.59
gain	3	47	-108.70
gain	47	3	-108.70
gain	3	48	-106.71
gain	48	3	-106.71
gain	3	49	-102.27
gain	49	3	-102.27
gain	3	50	-99.74
gain	50	3	-99.74
gain	3	51	-102.94
gain	51	3	-102.94
gain	3	52	-106.22
gain	52	3	-106.22
gain	3	53	-108.64
gain	53	3	-108.64
gain	3	54	-104.62
gain	54	3	-104.62
gain	3	55	-112.65
gain	55	3	-112.65
gain	3	56	-114.86
gain	56	3	-114.86
gain	3	57	-115.21
gain	57	3	-115.21
gain	3	58	-107.76
gain	58	3	-107.76
gain	3	59	-106.40
gain	59	3	-106.40
gain	3	60	-107.48
gain	60	3	-107.48
gain	3	61	-111.67
gain	61	3	-111.67
gain	3	62	-110.24
gain	62	3	-110.24
gain	3	63	-117.14
gain	63	3	-117.14
gain	4	5	-74.49
gain	5	4	-74.49
gain	4	6	-74.13
gain	6	4	-74.13
gain	4	7	-95.74
gain	7	4	-95.74
gain	4	8	-94.95
gain	8	4	-94.95
gain	4	9	-90.96
gain	9	4	-90.96
gain	4	10	-87.02
gain	10	4	-87.02
gain	4	11	-80.67
gain	11	4	-80.67
gain	4	12	-64.15
gain	12	4	-64.15
gain	4	13	-77.22
gain	13	4	-77.22
gain	4	14	-86.79
gain	14	4	-86.79
gain	4	15	-95.91
gain	15	4	-95.91
gain	4	16	-102.55
gain	16	4	-102.55
gain	4	17	-97.13
gain	17	4	-97.13
gain	4	18	-94.86
gain	18	4	-94.86
gain	4	19	-83.84
gain	19	4	-83.84
gain	4	20	-83.23
gain	20	4	-83.23
gain	4	21	-84.89
gain	21	4	-84.89
gain	4	22	-88.64
gain	22	4	-88.64
gain	4	23	-97.47
gain	23	4	-97.47
gain	4	24	-103.18
gain	24	4	-103.18
gain	4	25	-97.70
gain	25	4	-97.70
gain	4	26	-100.03
gain	26	4	-100.03
gain	4	27	-93.12
gain	27	4	-93.12
gain	4	28	-86.56
gain	28	4	-86.56
gain	4	29	-91.21
gain	29	4	-91.21
gain	4	30	-92.85
gain	30	4	-92.85
gain	4	31	-97.20
gain	31	4	-97.20
gain	4	32	-104.00
gain	32	4	-104.00
gain	4	33	-99.02
gain	33	4	-99.02
gain	4	34	-99.03
gain	34	4	-99.03
gain	4	35	-98.70
gain	35	4	-98.70
gain	4	36	-95.67
gain	36	4	-95.67
gain	4	37	-99.12
gain	37	4	-99.12
gain	4	38	-99.26
gain	38	4	-99.26
gain	4	39	-100.23
gain	39	4	-100.23
gain	4	40	-108.61
gain	40	4	-108.61
gain	4	41	-106.25
gain	41	4	-106.25
gain	4	42	-106.86
gain	42	4	-106.86
gain	4	43	-106.22
gain	43	4	-106.22
gain	4	44	-102.51
gain	44	4	-102.51
gain	4	45	-105.37
gain	45	4	-105.37
gain	4	46	-106.12
gain	46	4	-106.12
gain	4	47	-105.10
gain	47	4	-105.10
gain	4	48	-114.58
gain	48	4	-114.58
gain	4	49	-111.28
gain	49	4	-111.28
gain	4	50	-105.20
gain	50	4	-105.20
gain	4	51	-106.14
gain	51	4	-106.14
gain	4	52	-105.66
gain	52	4	-105.66
gain	4	53	-107.38
gain	53	4	-107.38
gain	4	54	-110.04
gain	54	4	-110.04
gain	4	55	-110.13
gain	55	4	-110.13
gain	4	56	-114.41
gain	56	4	-114.41
gain	4	57	-108.38
gain	57	4	-108.38
gain	4	58	-112.34
gain	58	4	-112.34
gain	4	59	-109.12
gain	59	4	-109.12
gain	4	60	-109.64
gain	60	4	-109.64
gain	4	61	-109.74
gain	61	4	-109.74
gain	4	62	-110.47
gain	62	4	-110.47
gain	4	63	-105.99
gain	63	4	-105.99
gain	5	6	-68.30
gain	6	5	-68.30
gain	5	7	-82.78
gain	7	5	-82.78
gain	5	8	-99.83
gain	8	5	-99.83
gain	5	9	-89.45
gain	9	5	-89.45
gain	5	10	-90.90
gain	10	5	-90.90
gain	5	11	-81.06
gain	11	5	-81.06
gain	5	12	-79.66
gain	12	5	-79.66
gain	5	13	-69.92
gain	13	5	-69.92
gain	5	14	-73.79
gain	14	5	-73.79
gain	5	15	-87.91
gain	15	5	-87.91
gain	5	16	-100.77
gain	16	5	-100.77
gain	5	17	-99.58
gain	17	5	-99.58
gain	5	18	-99.17
gain	18	5	-99.17
gain	5	19	-88.40
gain	19	5	-88.40
gain	5	20	-92.78
gain	20	5	-92.78
gain	5	21	-85.31
gain	21	5	-85.31
gain	5	22	-85.53
gain	22	5	-85.53
gain	5	23	-94.97
gain	23	5	-94.97
gain	5	24	-103.19
gain	24	5	-103.19
gain	5	25	-101.35
gain	25	5	-101.35
gain	5	26	-93.47
gain	26	5	-93.47
gain	5	27	-95.15
gain	27	5	-95.15
gain	5	28	-92.15
gain	28	5	-92.15
gain	5	29	-87.19
gain	29	5	-87.19
gain	5	30	-94.78
gain	30	5	-94.78
gain	5	31	-98.01
gain	31	5	-98.01
gain	5	32	-105.97
gain	32	5	-105.97
gain	5	33	-106.86
gain	33	5	-106.86
gain	5	34	-102.28
gain	34	5	-102.28
gain	5	35	-102.60
gain	35	5	-102.60
gain	5	36	-95.80
gain	36	5	-95.80
gain	5	37	-96.51
gain	37	5	-96.51
gain	5	38	-95.95
gain	38	5	-95.95
gain	5	39	-94.75
gain	39	5	-94.75
gain	5	40	-114.41
gain	40	5	-114.41
gain	5	41	-102.19
gain	41	5	-102.19
gain	5	42	-108.06
gain	42	5	-108.06
gain	5	43	-99.36
gain	43	5	-99.36
gain	5	44	-107.31
gain	44	5	-107.31
gain	5	45	-103.72
gain	45	5	-103.72
gain	5	46	-103.88
gain	46	5	-103.88
gain	5	47	-104.04
gain	47	5	-104.04
gain	5	48	-114.24
gain	48	5	-114.24
gain	5	49	-108.25
gain	49	5	-108.25
gain	5	50	-113.42
gain	50	5	-113.42
gain	5	51	-112.80
gain	51	5	-112.80
gain	5	52	-98.03
gain	52	5	-98.03
gain	5	53	-106.02
gain	53	5	-106.02
gain	5	54	-106.88
gain	54	5	-106.88
gain	5	55	-104.66
gain	55	5	-104.66
gain	5	56	-111.12
gain	56	5	-111.12
gain	5	57	-113.22
gain	57	5	-113.22
gain	5	58	-112.06
gain	58	5	-112.06
gain	5	59	-109.21
gain	59	5	-109.21
gain	5	60	-102.77
gain	60	5	-102.77
gain	5	61	-105.78
gain	61	5	-105.78
gain	5	62	-108.87
gain	62	5	-108.87
gain	5	63	-108.19
gain	63	5	-108.19
gain	6	7	-66.71
gain	7	6	-66.71
gain	6	8	-110.21
gain	8	6	-110.21
gain	6	9	-101.98
gain	9	6	-101.98
gain	6	10	-99.07
gain	10	6	-99.07
gain	6	11	-95.10
gain	11	6	-95.10
gain	6	12	-87.20
gain	12	6	-87.20
gain	6	13	-75.72
gain	13	6	-75.72
gain	6	14	-70.75
gain	14	6	-70.75
gain	6	15	-71.36
gain	15	6	-71.36
gain	6	16	-105.58
gain	16	6	-105.58
gain	6	17	-105.72
gain	17	6	-105.72
gain	6	18	-100.70
gain	18	6	-100.70
gain	6	19	-92.50
gain	19	6	-92.50
gain	6	20	-88.52
gain	20	6	-88.52
gain	6	21	-87.90
gain	21	6	-87.90
gain	6	22	-85.29
gain	22	6	-85.29
gain	6	23	-89.35
gain	23	6	-89.35
gain	6	24	-108.38
gain	24	6	-108.38
gain	6	25	-103.14
gain	25	6	-103.14
gain	6	26	-100.30
gain	26	6	-100.30
gain	6	27	-105.29
gain	27	6	-105.29
gain	6	28	-91.94
gain	28	6	-91.94
gain	6	29	-87.78
gain	29	6	-87.78
gain	6	30	-92.36
gain	30	6	-92.36
gain	6	31	-96.42
gain	31	6	-96.42
gain	6	32	-109.22
gain	32	6	-109.22
gain	6	33	-104.66
gain	33	6	-104.66
gain	6	34	-102.31
gain	34	6	-102.31
gain	6	35	-102.82
gain	35	6	-102.82
gain	6	36	-101.28
gain	36	6	-101.28
gain	6	37	-101.09
gain	37	6	-101.09
gain	6	38	-98.84
gain	38	6	-98.84
gain	6	39	-94.77
gain	39	6	-94.77
gain	6	40	-108.86
gain	40	6	-108.86
gain	6	41	-110.69
gain	41	6	-110.69
gain	6	42	-111.12
gain	42	6	-111.12
gain	6	43	-103.49
gain	43	6	-103.49
gain	6	44	-103.37
gain	44	6	-103.37
gain	6	45	-103.25
gain	45	6	-103.25
gain	6	46	-108.00
gain	46	6	-108.00
gain	6	47	-101.67
gain	47	6	-101.67
gain	6	48	-116.21
gain	48	6	-116.21
gain	6	49	-109.51
gain	49	6	-109.51
gain	6	50	-111.51
gain	50	6	-111.51
gain	6	51	-111.26
gain	51	6	-111.26
gain	6	52	-109.50
gain	52	6	-109.50
gain	6	53	-103.54
gain	53	6	-103.54
gain	6	54	-105.02
gain	54	6	-105.02
gain	6	55	-104.51
gain	55	6	-104.51
gain	6	56	-120.17
gain	56	6	-120.17
gain	6	57	-111.82
gain	57	6	-111.82
gain	6	58	-113.85
gain	58	6	-113.85
gain	6	59	-106.29
gain	59	6	-106.29
gain	6	60	-113.52
gain	60	6	-113.52
gain	6	61	-114.26
gain	61	6	-114.26
gain	6	62	-110.34
gain	62	6	-110.34
gain	6	63	-106.52
gain	63	6	-106.52
gain	7	8	-102.89
gain	8	7	-102.89
gain	7	9	-103.54
gain	9	7	-103.54
gain	7	10	-102.36
gain	10	7	-102.36
gain	7	11	-100.89
gain	11	7	-100.89
gain	7	12	-92.48
gain	12	7	-92.48
gain	7	13	-90.75
gain	13	7	-90.75
gain	7	14	-74.55
gain	14	7	-74.55
gain	7	15	-68.75
gain	15	7	-68.75
gain	7	16	-113.31
gain	16	7	-113.31
gain	7	17	-110.64
gain	17	7	-110.64
gain	7	18	-105.39
gain	18	7	-105.39
gain	7	19	-102.23
gain	19	7	-102.23
gain	7	20	-100.38
gain	20	7	-100.38
gain	7	21	-94.22
gain	21	7	-94.22
gain	7	22	-89.28
gain	22	7	-89.28
gain	7	23	-88.02
gain	23	7	-88.02
gain	7	24	-119.69
gain	24	7	-119.69
gain	7	25	-110.36
gain	25	7	-110.36
gain	7	26	-105.77
gain	26	7	-105.77
gain	7	27	-102.80
gain	27	7	-102.80
gain	7	28	-104.02
gain	28	7	-104.02
gain	7	29	-92.01
gain	29	7	-92.01
gain	7	30	-98.11
gain	30	7	-98.11
gain	7	31	-90.25
gain	31	7	-90.25
gain	7	32	-108.79
gain	32	7	-108.79
gain	7	33	-111.92
gain	33	7	-111.92
gain	7	34	-104.37
gain	34	7	-104.37
gain	7	35	-104.35
gain	35	7	-104.35
gain	7	36	-99.15
gain	36	7	-99.15
gain	7	37	-98.82
gain	37	7	-98.82
gain	7	38	-98.53
gain	38	7	-98.53
gain	7	39	-98.18
gain	39	7	-98.18
gain	7	40	-116.24
gain	40	7	-116.24
gain	7	41	-111.37
gain	41	7	-111.37
gain	7	42	-109.36
gain	42	7	-109.36
gain	7	43	-106.73
gain	43	7	-106.73
gain	7	44	-106.62
gain	44	7	-106.62
gain	7	45	-101.55
gain	45	7	-101.55
gain	7	46	-104.39
gain	46	7	-104.39
gain	7	47	-98.73
gain	47	7	-98.73
gain	7	48	-117.57
gain	48	7	-117.57
gain	7	49	-111.79
gain	49	7	-111.79
gain	7	50	-108.32
gain	50	7	-108.32
gain	7	51	-114.12
gain	51	7	-114.12
gain	7	52	-106.11
gain	52	7	-106.11
gain	7	53	-109.71
gain	53	7	-109.71
gain	7	54	-107.88
gain	54	7	-107.88
gain	7	55	-107.82
gain	55	7	-107.82
gain	7	56	-116.41
gain	56	7	-116.41
gain	7	57	-118.40
gain	57	7	-118.40
gain	7	58	-108.87
gain	58	7	-108.87
gain	7	59	-111.61
gain	59	7	-111.61
gain	7	60	-107.97
gain	60	7	-107.97
gain	7	61	-120.28
gain	61	7	-120.28
gain	7	62	-113.05
gain	62	7	-113.05
gain	7	63	-110.75
gain	63	7	-110.75
gain	8	9	-68.66
gain	9	8	-68.66
gain	8	10	-79.86
gain	10	8	-79.86
gain	8	11	-96.98
gain	11	8	-96.98
gain	8	12	-100.63
gain	12	8	-100.63
gain	8	13	-99.88
gain	13	8	-99.88
gain	8	14	-105.88
gain	14	8	-105.88
gain	8	15	-114.07
gain	15	8	-114.07
gain	8	16	-74.75
gain	16	8	-74.75
gain	8	17	-78.43
gain	17	8	-78.43
gain	8	18	-86.84
gain	18	8	-86.84
gain	8	19	-87.24
gain	19	8	-87.24
gain	8	20	-97.93
gain	20	8	-97.93
gain	8	21	-104.67
gain	21	8	-104.67
gain	8	22	-109.18
gain	22	8	-109.18
gain	8	23	-105.40
gain	23	8	-105.40
gain	8	24	-81.67
gain	24	8	-81.67
gain	8	25	-84.81
gain	25	8	-84.81
gain	8	26	-88.69
gain	26	8	-88.69
gain	8	27	-95.12
gain	27	8	-95.12
gain	8	28	-101.77
gain	28	8	-101.77
gain	8	29	-101.63
gain	29	8	-101.63
gain	8	30	-105.19
gain	30	8	-105.19
gain	8	31	-111.74
gain	31	8	-111.74
gain	8	32	-92.76
gain	32	8	-92.76
gain	8	33	-90.79
gain	33	8	-90.79
gain	8	34	-95.24
gain	34	8	-95.24
gain	8	35	-98.15
gain	35	8	-98.15
gain	8	36	-107.13
gain	36	8	-107.13
gain	8	37	-106.84
gain	37	8	-106.84
gain	8	38	-106.13
gain	38	8	-106.13
gain	8	39	-107.21
gain	39	8	-107.21
gain	8	40	-103.48
gain	40	8	-103.48
gain	8	41	-97.41
gain	41	8	-97.41
gain	8	42	-102.24
gain	42	8	-102.24
gain	8	43	-100.50
gain	43	8	-100.50
gain	8	44	-107.15
gain	44	8	-107.15
gain	8	45	-111.79
gain	45	8	-111.79
gain	8	46	-109.26
gain	46	8	-109.26
gain	8	47	-114.31
gain	47	8	-114.31
gain	8	48	-99.97
gain	48	8	-99.97
gain	8	49	-105.92
gain	49	8	-105.92
gain	8	50	-100.09
gain	50	8	-100.09
gain	8	51	-99.36
gain	51	8	-99.36
gain	8	52	-102.26
gain	52	8	-102.26
gain	8	53	-105.33
gain	53	8	-105.33
gain	8	54	-113.79
gain	54	8	-113.79
gain	8	55	-110.67
gain	55	8	-110.67
gain	8	56	-105.00
gain	56	8	-105.00
gain	8	57	-107.87
gain	57	8	-107.87
gain	8	58	-111.15
gain	58	8	-111.15
gain	8	59	-106.51
gain	59	8	-106.51
gain	8	60	-107.50
gain	60	8	-107.50
gain	8	61	-113.48
gain	61	8	-113.48
gain	8	62	-103.29
gain	62	8	-103.29
gain	8	63	-113.16
gain	63	8	-113.16
gain	9	10	-70.49
gain	10	9	-70.49
gain	9	11	-83.96
gain	11	9	-83.96
gain	9	12	-94.47
gain	12	9	-94.47
gain	9	13	-99.69
gain	13	9	-99.69
gain	9	14	-104.85
gain	14	9	-104.85
gain	9	15	-102.29
gain	15	9	-102.29
gain	9	16	-79.38
gain	16	9	-79.38
gain	9	17	-66.33
gain	17	9	-66.33
gain	9	18	-71.53
gain	18	9	-71.53
gain	9	19	-83.96
gain	19	9	-83.96
gain	9	20	-101.61
gain	20	9	-101.61
gain	9	21	-93.86
gain	21	9	-93.86
gain	9	22	-104.15
gain	22	9	-104.15
gain	9	23	-102.95
gain	23	9	-102.95
gain	9	24	-87.84
gain	24	9	-87.84
gain	9	25	-85.27
gain	25	9	-85.27
gain	9	26	-86.60
gain	26	9	-86.60
gain	9	27	-92.83
gain	27	9	-92.83
gain	9	28	-98.80
gain	28	9	-98.80
gain	9	29	-104.81
gain	29	9	-104.81
gain	9	30	-98.91
gain	30	9	-98.91
gain	9	31	-104.28
gain	31	9	-104.28
gain	9	32	-89.26
gain	32	9	-89.26
gain	9	33	-94.72
gain	33	9	-94.72
gain	9	34	-89.24
gain	34	9	-89.24
gain	9	35	-92.68
gain	35	9	-92.68
gain	9	36	-98.05
gain	36	9	-98.05
gain	9	37	-99.84
gain	37	9	-99.84
gain	9	38	-99.91
gain	38	9	-99.91
gain	9	39	-109.88
gain	39	9	-109.88
gain	9	40	-98.23
gain	40	9	-98.23
gain	9	41	-101.87
gain	41	9	-101.87
gain	9	42	-97.89
gain	42	9	-97.89
gain	9	43	-101.10
gain	43	9	-101.10
gain	9	44	-100.66
gain	44	9	-100.66
gain	9	45	-105.82
gain	45	9	-105.82
gain	9	46	-109.86
gain	46	9	-109.86
gain	9	47	-109.12
gain	47	9	-109.12
gain	9	48	-102.86
gain	48	9	-102.86
gain	9	49	-102.43
gain	49	9	-102.43
gain	9	50	-102.11
gain	50	9	-102.11
gain	9	51	-105.23
gain	51	9	-105.23
gain	9	52	-107.74
gain	52	9	-107.74
gain	9	53	-107.85
gain	53	9	-107.85
gain	9	54	-107.17
gain	54	9	-107.17
gain	9	55	-105.19
gain	55	9	-105.19
gain	9	56	-101.95
gain	56	9	-101.95
gain	9	57	-102.34
gain	57	9	-102.34
gain	9	58	-106.76
gain	58	9	-106.76
gain	9	59	-105.03
gain	59	9	-105.03
gain	9	60	-109.60
gain	60	9	-109.60
gain	9	61	-113.53
gain	61	9	-113.53
gain	9	62	-108.80
gain	62	9	-108.80
gain	9	63	-111.34
gain	63	9	-111.34
gain	10	11	-65.76
gain	11	10	-65.76
gain	10	12	-83.12
gain	12	10	-83.12
gain	10	13	-89.04
gain	13	10	-89.04
gain	10	14	-100.22
gain	14	10	-100.22
gain	10	15	-99.72
gain	15	10	-99.72
gain	10	16	-79.86
gain	16	10	-79.86
gain	10	17	-72.29
gain	17	10	-72.29
gain	10	18	-63.63
gain	18	10	-63.63
gain	10	19	-76.47
gain	19	10	-76.47
gain	10	20	-89.24
gain	20	10	-89.24
gain	10	21	-91.85
gain	21	10	-91.85
gain	10	22	-103.22
gain	22	10	-103.22
gain	10	23	-99.72
gain	23	10	-99.72
gain	10	24	-91.72
gain	24	10	-91.72
gain	10	25	-85.91
gain	25	10	-85.91
gain	10	26	-84.05
gain	26	10	-84.05
gain	10	27	-84.94
gain	27	10	-84.94
gain	10	28	-90.75
gain	28	10	-90.75
gain	10	29	-95.20
gain	29	10	-95.20
gain	10	30	-98.26
gain	30	10	-98.26
gain	10	31	-99.50
gain	31	10	-99.50
gain	10	32	-96.92
gain	32	10	-96.92
gain	10	33	-95.08
gain	33	10	-95.08
gain	10	34	-92.18
gain	34	10	-92.18
gain	10	35	-93.70
gain	35	10	-93.70
gain	10	36	-91.55
gain	36	10	-91.55
gain	10	37	-100.62
gain	37	10	-100.62
gain	10	38	-98.04
gain	38	10	-98.04
gain	10	39	-107.41
gain	39	10	-107.41
gain	10	40	-98.56
gain	40	10	-98.56
gain	10	41	-95.42
gain	41	10	-95.42
gain	10	42	-99.87
gain	42	10	-99.87
gain	10	43	-100.28
gain	43	10	-100.28
gain	10	44	-100.54
gain	44	10	-100.54
gain	10	45	-101.45
gain	45	10	-101.45
gain	10	46	-105.20
gain	46	10	-105.20
gain	10	47	-107.70
gain	47	10	-107.70
gain	10	48	-100.19
gain	48	10	-100.19
gain	10	49	-102.43
gain	49	10	-102.43
gain	10	50	-99.69
gain	50	10	-99.69
gain	10	51	-109.74
gain	51	10	-109.74
gain	10	52	-105.09
gain	52	10	-105.09
gain	10	53	-105.66
gain	53	10	-105.66
gain	10	54	-103.14
gain	54	10	-103.14
gain	10	55	-111.46
gain	55	10	-111.46
gain	10	56	-107.69
gain	56	10	-107.69
gain	10	57	-111.50
gain	57	10	-111.50
gain	10	58	-99.93
gain	58	10	-99.93
gain	10	59	-104.83
gain	59	10	-104.83
gain	10	60	-111.79
gain	60	10	-111.79
gain	10	61	-112.82
gain	61	10	-112.82
gain	10	62	-104.25
gain	62	10	-104.25
gain	10	63	-109.48
gain	63	10	-109.48
gain	11	12	-67.32
gain	12	11	-67.32
gain	11	13	-82.44
gain	13	11	-82.44
gain	11	14	-92.86
gain	14	11	-92.86
gain	11	15	-96.27
gain	15	11	-96.27
gain	11	16	-99.39
gain	16	11	-99.39
gain	11	17	-85.63
gain	17	11	-85.63
gain	11	18	-70.85
gain	18	11	-70.85
gain	11	19	-67.77
gain	19	11	-67.77
gain	11	20	-74.40
gain	20	11	-74.40
gain	11	21	-90.91
gain	21	11	-90.91
gain	11	22	-95.18
gain	22	11	-95.18
gain	11	23	-98.46
gain	23	11	-98.46
gain	11	24	-96.77
gain	24	11	-96.77
gain	11	25	-87.57
gain	25	11	-87.57
gain	11	26	-81.77
gain	26	11	-81.77
gain	11	27	-80.18
gain	27	11	-80.18
gain	11	28	-90.86
gain	28	11	-90.86
gain	11	29	-92.31
gain	29	11	-92.31
gain	11	30	-95.50
gain	30	11	-95.50
gain	11	31	-98.04
gain	31	11	-98.04
gain	11	32	-105.11
gain	32	11	-105.11
gain	11	33	-100.09
gain	33	11	-100.09
gain	11	34	-88.72
gain	34	11	-88.72
gain	11	35	-85.41
gain	35	11	-85.41
gain	11	36	-95.71
gain	36	11	-95.71
gain	11	37	-93.00
gain	37	11	-93.00
gain	11	38	-104.44
gain	38	11	-104.44
gain	11	39	-101.92
gain	39	11	-101.92
gain	11	40	-105.53
gain	40	11	-105.53
gain	11	41	-102.43
gain	41	11	-102.43
gain	11	42	-104.43
gain	42	11	-104.43
gain	11	43	-97.87
gain	43	11	-97.87
gain	11	44	-94.40
gain	44	11	-94.40
gain	11	45	-99.00
gain	45	11	-99.00
gain	11	46	-102.92
gain	46	11	-102.92
gain	11	47	-110.75
gain	47	11	-110.75
gain	11	48	-105.70
gain	48	11	-105.70
gain	11	49	-106.95
gain	49	11	-106.95
gain	11	50	-101.87
gain	50	11	-101.87
gain	11	51	-102.81
gain	51	11	-102.81
gain	11	52	-104.43
gain	52	11	-104.43
gain	11	53	-105.56
gain	53	11	-105.56
gain	11	54	-102.76
gain	54	11	-102.76
gain	11	55	-110.27
gain	55	11	-110.27
gain	11	56	-112.04
gain	56	11	-112.04
gain	11	57	-109.88
gain	57	11	-109.88
gain	11	58	-114.08
gain	58	11	-114.08
gain	11	59	-110.96
gain	59	11	-110.96
gain	11	60	-108.45
gain	60	11	-108.45
gain	11	61	-112.72
gain	61	11	-112.72
gain	11	62	-109.06
gain	62	11	-109.06
gain	11	63	-111.43
gain	63	11	-111.43
gain	12	13	-70.76
gain	13	12	-70.76
gain	12	14	-82.19
gain	14	12	-82.19
gain	12	15	-97.96
gain	15	12	-97.96
gain	12	16	-104.80
gain	16	12	-104.80
gain	12	17	-94.46
gain	17	12	-94.46
gain	12	18	-85.81
gain	18	12	-85.81
gain	12	19	-78.89
gain	19	12	-78.89
gain	12	20	-72.27
gain	20	12	-72.27
gain	12	21	-69.91
gain	21	12	-69.91
gain	12	22	-84.67
gain	22	12	-84.67
gain	12	23	-93.86
gain	23	12	-93.86
gain	12	24	-97.64
gain	24	12	-97.64
gain	12	25	-92.78
gain	25	12	-92.78
gain	12	26	-93.82
gain	26	12	-93.82
gain	12	27	-81.89
gain	27	12	-81.89
gain	12	28	-80.72
gain	28	12	-80.72
gain	12	29	-89.62
gain	29	12	-89.62
gain	12	30	-93.37
gain	30	12	-93.37
gain	12	31	-98.49
gain	31	12	-98.49
gain	12	32	-104.26
gain	32	12	-104.26
gain	12	33	-94.83
gain	33	12	-94.83
gain	12	34	-97.54
gain	34	12	-97.54
gain	12	35	-95.90
gain	35	12	-95.90
gain	12	36	-88.95
gain	36	12	-88.95
gain	12	37	-91.55
gain	37	12	-91.55
gain	12	38	-98.56
gain	38	12	-98.56
gain	12	39	-98.27
gain	39	12	-98.27
gain	12	40	-107.25
gain	40	12	-107.25
gain	12	41	-105.51
gain	41	12	-105.51
gain	12	42	-103.91
gain	42	12	-103.91
gain	12	43	-96.12
gain	43	12	-96.12
gain	12	44	-93.71
gain	44	12	-93.71
gain	12	45	-97.99
gain	45	12	-97.99
gain	12	46	-100.79
gain	46	12	-100.79
gain	12	47	-98.18
gain	47	12	-98.18
gain	12	48	-107.60
gain	48	12	-107.60
gain	12	49	-102.37
gain	49	12	-102.37
gain	12	50	-103.24
gain	50	12	-103.24
gain	12	51	-107.70
gain	51	12	-107.70
gain	12	52	-105.12
gain	52	12	-105.12
gain	12	53	-102.15
gain	53	12	-102.15
gain	12	54	-97.79
gain	54	12	-97.79
gain	12	55	-105.99
gain	55	12	-105.99
gain	12	56	-111.26
gain	56	12	-111.26
gain	12	57	-107.68
gain	57	12	-107.68
gain	12	58	-104.50
gain	58	12	-104.50
gain	12	59	-104.78
gain	59	12	-104.78
gain	12	60	-106.48
gain	60	12	-106.48
gain	12	61	-108.94
gain	61	12	-108.94
gain	12	62	-107.77
gain	62	12	-107.77
gain	12	63	-106.83
gain	63	12	-106.83
gain	13	14	-68.40
gain	14	13	-68.40
gain	13	15	-85.96
gain	15	13	-85.96
gain	13	16	-100.78
gain	16	13	-100.78
gain	13	17	-95.44
gain	17	13	-95.44
gain	13	18	-92.00
gain	18	13	-92.00
gain	13	19	-85.51
gain	19	13	-85.51
gain	13	20	-80.00
gain	20	13	-80.00
gain	13	21	-69.82
gain	21	13	-69.82
gain	13	22	-76.15
gain	22	13	-76.15
gain	13	23	-84.13
gain	23	13	-84.13
gain	13	24	-101.47
gain	24	13	-101.47
gain	13	25	-106.11
gain	25	13	-106.11
gain	13	26	-93.48
gain	26	13	-93.48
gain	13	27	-86.63
gain	27	13	-86.63
gain	13	28	-84.38
gain	28	13	-84.38
gain	13	29	-80.68
gain	29	13	-80.68
gain	13	30	-87.99
gain	30	13	-87.99
gain	13	31	-88.03
gain	31	13	-88.03
gain	13	32	-105.50
gain	32	13	-105.50
gain	13	33	-105.36
gain	33	13	-105.36
gain	13	34	-99.52
gain	34	13	-99.52
gain	13	35	-96.02
gain	35	13	-96.02
gain	13	36	-100.13
gain	36	13	-100.13
gain	13	37	-95.38
gain	37	13	-95.38
gain	13	38	-89.04
gain	38	13	-89.04
gain	13	39	-96.62
gain	39	13	-96.62
gain	13	40	-113.01
gain	40	13	-113.01
gain	13	41	-106.65
gain	41	13	-106.65
gain	13	42	-102.93
gain	42	13	-102.93
gain	13	43	-100.30
gain	43	13	-100.30
gain	13	44	-97.95
gain	44	13	-97.95
gain	13	45	-98.41
gain	45	13	-98.41
gain	13	46	-100.14
gain	46	13	-100.14
gain	13	47	-96.65
gain	47	13	-96.65
gain	13	48	-110.11
gain	48	13	-110.11
gain	13	49	-105.38
gain	49	13	-105.38
gain	13	50	-109.28
gain	50	13	-109.28
gain	13	51	-104.46
gain	51	13	-104.46
gain	13	52	-102.92
gain	52	13	-102.92
gain	13	53	-102.69
gain	53	13	-102.69
gain	13	54	-101.14
gain	54	13	-101.14
gain	13	55	-101.15
gain	55	13	-101.15
gain	13	56	-114.61
gain	56	13	-114.61
gain	13	57	-114.86
gain	57	13	-114.86
gain	13	58	-105.15
gain	58	13	-105.15
gain	13	59	-106.42
gain	59	13	-106.42
gain	13	60	-105.19
gain	60	13	-105.19
gain	13	61	-105.76
gain	61	13	-105.76
gain	13	62	-106.70
gain	62	13	-106.70
gain	13	63	-110.65
gain	63	13	-110.65
gain	14	15	-71.18
gain	15	14	-71.18
gain	14	16	-109.44
gain	16	14	-109.44
gain	14	17	-98.48
gain	17	14	-98.48
gain	14	18	-99.04
gain	18	14	-99.04
gain	14	19	-94.80
gain	19	14	-94.80
gain	14	20	-84.34
gain	20	14	-84.34
gain	14	21	-73.24
gain	21	14	-73.24
gain	14	22	-68.20
gain	22	14	-68.20
gain	14	23	-76.97
gain	23	14	-76.97
gain	14	24	-108.19
gain	24	14	-108.19
gain	14	25	-106.62
gain	25	14	-106.62
gain	14	26	-102.52
gain	26	14	-102.52
gain	14	27	-96.35
gain	27	14	-96.35
gain	14	28	-88.84
gain	28	14	-88.84
gain	14	29	-86.71
gain	29	14	-86.71
gain	14	30	-90.21
gain	30	14	-90.21
gain	14	31	-85.96
gain	31	14	-85.96
gain	14	32	-101.46
gain	32	14	-101.46
gain	14	33	-106.63
gain	33	14	-106.63
gain	14	34	-99.96
gain	34	14	-99.96
gain	14	35	-100.60
gain	35	14	-100.60
gain	14	36	-102.28
gain	36	14	-102.28
gain	14	37	-93.03
gain	37	14	-93.03
gain	14	38	-92.67
gain	38	14	-92.67
gain	14	39	-93.24
gain	39	14	-93.24
gain	14	40	-111.31
gain	40	14	-111.31
gain	14	41	-109.75
gain	41	14	-109.75
gain	14	42	-105.80
gain	42	14	-105.80
gain	14	43	-107.11
gain	43	14	-107.11
gain	14	44	-99.78
gain	44	14	-99.78
gain	14	45	-96.30
gain	45	14	-96.30
gain	14	46	-102.17
gain	46	14	-102.17
gain	14	47	-92.46
gain	47	14	-92.46
gain	14	48	-115.75
gain	48	14	-115.75
gain	14	49	-108.40
gain	49	14	-108.40
gain	14	50	-106.32
gain	50	14	-106.32
gain	14	51	-102.88
gain	51	14	-102.88
gain	14	52	-101.58
gain	52	14	-101.58
gain	14	53	-100.21
gain	53	14	-100.21
gain	14	54	-105.04
gain	54	14	-105.04
gain	14	55	-102.98
gain	55	14	-102.98
gain	14	56	-114.13
gain	56	14	-114.13
gain	14	57	-111.82
gain	57	14	-111.82
gain	14	58	-108.73
gain	58	14	-108.73
gain	14	59	-110.71
gain	59	14	-110.71
gain	14	60	-107.87
gain	60	14	-107.87
gain	14	61	-106.65
gain	61	14	-106.65
gain	14	62	-111.09
gain	62	14	-111.09
gain	14	63	-105.10
gain	63	14	-105.10
gain	15	16	-106.49
gain	16	15	-106.49
gain	15	17	-100.95
gain	17	15	-100.95
gain	15	18	-103.69
gain	18	15	-103.69
gain	15	19	-98.62
gain	19	15	-98.62
gain	15	20	-94.73
gain	20	15	-94.73
gain	15	21	-84.80
gain	21	15	-84.80
gain	15	22	-73.62
gain	22	15	-73.62
gain	15	23	-66.55
gain	23	15	-66.55
gain	15	24	-109.60
gain	24	15	-109.60
gain	15	25	-106.87
gain	25	15	-106.87
gain	15	26	-105.76
gain	26	15	-105.76
gain	15	27	-98.09
gain	27	15	-98.09
gain	15	28	-91.53
gain	28	15	-91.53
gain	15	29	-86.59
gain	29	15	-86.59
gain	15	30	-79.48
gain	30	15	-79.48
gain	15	31	-81.96
gain	31	15	-81.96
gain	15	32	-111.42
gain	32	15	-111.42
gain	15	33	-106.85
gain	33	15	-106.85
gain	15	34	-102.92
gain	34	15	-102.92
gain	15	35	-100.74
gain	35	15	-100.74
gain	15	36	-97.59
gain	36	15	-97.59
gain	15	37	-96.65
gain	37	15	-96.65
gain	15	38	-95.92
gain	38	15	-95.92
gain	15	39	-88.62
gain	39	15	-88.62
gain	15	40	-117.06
gain	40	15	-117.06
gain	15	41	-119.67
gain	41	15	-119.67
gain	15	42	-105.27
gain	42	15	-105.27
gain	15	43	-103.42
gain	43	15	-103.42
gain	15	44	-100.40
gain	44	15	-100.40
gain	15	45	-99.09
gain	45	15	-99.09
gain	15	46	-98.31
gain	46	15	-98.31
gain	15	47	-98.16
gain	47	15	-98.16
gain	15	48	-111.93
gain	48	15	-111.93
gain	15	49	-112.61
gain	49	15	-112.61
gain	15	50	-114.19
gain	50	15	-114.19
gain	15	51	-109.11
gain	51	15	-109.11
gain	15	52	-107.45
gain	52	15	-107.45
gain	15	53	-96.82
gain	53	15	-96.82
gain	15	54	-100.69
gain	54	15	-100.69
gain	15	55	-102.55
gain	55	15	-102.55
gain	15	56	-112.85
gain	56	15	-112.85
gain	15	57	-110.91
gain	57	15	-110.91
gain	15	58	-114.04
gain	58	15	-114.04
gain	15	59	-110.56
gain	59	15	-110.56
gain	15	60	-109.34
gain	60	15	-109.34
gain	15	61	-109.98
gain	61	15	-109.98
gain	15	62	-101.24
gain	62	15	-101.24
gain	15	63	-105.64
gain	63	15	-105.64
gain	16	17	-69.16
gain	17	16	-69.16
gain	16	18	-83.81
gain	18	16	-83.81
gain	16	19	-89.57
gain	19	16	-89.57
gain	16	20	-95.67
gain	20	16	-95.67
gain	16	21	-99.45
gain	21	16	-99.45
gain	16	22	-105.94
gain	22	16	-105.94
gain	16	23	-105.95
gain	23	16	-105.95
gain	16	24	-74.59
gain	24	16	-74.59
gain	16	25	-73.50
gain	25	16	-73.50
gain	16	26	-81.79
gain	26	16	-81.79
gain	16	27	-98.26
gain	27	16	-98.26
gain	16	28	-93.40
gain	28	16	-93.40
gain	16	29	-104.66
gain	29	16	-104.66
gain	16	30	-103.32
gain	30	16	-103.32
gain	16	31	-110.73
gain	31	16	-110.73
gain	16	32	-90.98
gain	32	16	-90.98
gain	16	33	-88.64
gain	33	16	-88.64
gain	16	34	-86.74
gain	34	16	-86.74
gain	16	35	-102.18
gain	35	16	-102.18
gain	16	36	-99.93
gain	36	16	-99.93
gain	16	37	-106.08
gain	37	16	-106.08
gain	16	38	-100.87
gain	38	16	-100.87
gain	16	39	-106.35
gain	39	16	-106.35
gain	16	40	-88.64
gain	40	16	-88.64
gain	16	41	-97.89
gain	41	16	-97.89
gain	16	42	-96.34
gain	42	16	-96.34
gain	16	43	-97.81
gain	43	16	-97.81
gain	16	44	-102.69
gain	44	16	-102.69
gain	16	45	-104.90
gain	45	16	-104.90
gain	16	46	-105.76
gain	46	16	-105.76
gain	16	47	-116.08
gain	47	16	-116.08
gain	16	48	-100.01
gain	48	16	-100.01
gain	16	49	-94.63
gain	49	16	-94.63
gain	16	50	-98.72
gain	50	16	-98.72
gain	16	51	-98.94
gain	51	16	-98.94
gain	16	52	-106.65
gain	52	16	-106.65
gain	16	53	-110.39
gain	53	16	-110.39
gain	16	54	-111.21
gain	54	16	-111.21
gain	16	55	-112.94
gain	55	16	-112.94
gain	16	56	-99.75
gain	56	16	-99.75
gain	16	57	-105.95
gain	57	16	-105.95
gain	16	58	-103.08
gain	58	16	-103.08
gain	16	59	-106.47
gain	59	16	-106.47
gain	16	60	-107.44
gain	60	16	-107.44
gain	16	61	-107.73
gain	61	16	-107.73
gain	16	62	-109.48
gain	62	16	-109.48
gain	16	63	-114.35
gain	63	16	-114.35
gain	17	18	-71.07
gain	18	17	-71.07
gain	17	19	-85.76
gain	19	17	-85.76
gain	17	20	-98.37
gain	20	17	-98.37
gain	17	21	-94.68
gain	21	17	-94.68
gain	17	22	-96.60
gain	22	17	-96.60
gain	17	23	-107.08
gain	23	17	-107.08
gain	17	24	-74.82
gain	24	17	-74.82
gain	17	25	-63.34
gain	25	17	-63.34
gain	17	26	-78.97
gain	26	17	-78.97
gain	17	27	-79.48
gain	27	17	-79.48
gain	17	28	-93.15
gain	28	17	-93.15
gain	17	29	-98.75
gain	29	17	-98.75
gain	17	30	-101.53
gain	30	17	-101.53
gain	17	31	-104.55
gain	31	17	-104.55
gain	17	32	-86.90
gain	32	17	-86.90
gain	17	33	-84.22
gain	33	17	-84.22
gain	17	34	-86.09
gain	34	17	-86.09
gain	17	35	-85.52
gain	35	17	-85.52
gain	17	36	-96.21
gain	36	17	-96.21
gain	17	37	-96.86
gain	37	17	-96.86
gain	17	38	-107.33
gain	38	17	-107.33
gain	17	39	-106.24
gain	39	17	-106.24
gain	17	40	-94.67
gain	40	17	-94.67
gain	17	41	-87.30
gain	41	17	-87.30
gain	17	42	-87.23
gain	42	17	-87.23
gain	17	43	-99.63
gain	43	17	-99.63
gain	17	44	-106.46
gain	44	17	-106.46
gain	17	45	-108.64
gain	45	17	-108.64
gain	17	46	-105.63
gain	46	17	-105.63
gain	17	47	-110.04
gain	47	17	-110.04
gain	17	48	-97.31
gain	48	17	-97.31
gain	17	49	-97.38
gain	49	17	-97.38
gain	17	50	-107.07
gain	50	17	-107.07
gain	17	51	-99.34
gain	51	17	-99.34
gain	17	52	-104.12
gain	52	17	-104.12
gain	17	53	-110.15
gain	53	17	-110.15
gain	17	54	-107.97
gain	54	17	-107.97
gain	17	55	-108.61
gain	55	17	-108.61
gain	17	56	-97.47
gain	56	17	-97.47
gain	17	57	-99.69
gain	57	17	-99.69
gain	17	58	-102.24
gain	58	17	-102.24
gain	17	59	-100.50
gain	59	17	-100.50
gain	17	60	-97.15
gain	60	17	-97.15
gain	17	61	-107.76
gain	61	17	-107.76
gain	17	62	-114.06
gain	62	17	-114.06
gain	17	63	-113.04
gain	63	17	-113.04
gain	18	19	-69.25
gain	19	18	-69.25
gain	18	20	-81.31
gain	20	18	-81.31
gain	18	21	-94.12
gain	21	18	-94.12
gain	18	22	-97.72
gain	22	18	-97.72
gain	18	23	-104.35
gain	23	18	-104.35
gain	18	24	-83.81
gain	24	18	-83.81
gain	18	25	-76.48
gain	25	18	-76.48
gain	18	26	-69.44
gain	26	18	-69.44
gain	18	27	-78.94
gain	27	18	-78.94
gain	18	28	-84.45
gain	28	18	-84.45
gain	18	29	-86.08
gain	29	18	-86.08
gain	18	30	-99.44
gain	30	18	-99.44
gain	18	31	-113.65
gain	31	18	-113.65
gain	18	32	-88.27
gain	32	18	-88.27
gain	18	33	-85.73
gain	33	18	-85.73
gain	18	34	-82.20
gain	34	18	-82.20
gain	18	35	-85.73
gain	35	18	-85.73
gain	18	36	-91.05
gain	36	18	-91.05
gain	18	37	-96.33
gain	37	18	-96.33
gain	18	38	-104.08
gain	38	18	-104.08
gain	18	39	-99.40
gain	39	18	-99.40
gain	18	40	-96.17
gain	40	18	-96.17
gain	18	41	-87.09
gain	41	18	-87.09
gain	18	42	-88.83
gain	42	18	-88.83
gain	18	43	-93.35
gain	43	18	-93.35
gain	18	44	-97.84
gain	44	18	-97.84
gain	18	45	-99.43
gain	45	18	-99.43
gain	18	46	-95.86
gain	46	18	-95.86
gain	18	47	-109.21
gain	47	18	-109.21
gain	18	48	-98.02
gain	48	18	-98.02
gain	18	49	-98.15
gain	49	18	-98.15
gain	18	50	-95.72
gain	50	18	-95.72
gain	18	51	-104.78
gain	51	18	-104.78
gain	18	52	-95.74
gain	52	18	-95.74
gain	18	53	-97.67
gain	53	18	-97.67
gain	18	54	-108.68
gain	54	18	-108.68
gain	18	55	-100.16
gain	55	18	-100.16
gain	18	56	-105.96
gain	56	18	-105.96
gain	18	57	-99.61
gain	57	18	-99.61
gain	18	58	-105.38
gain	58	18	-105.38
gain	18	59	-104.79
gain	59	18	-104.79
gain	18	60	-106.59
gain	60	18	-106.59
gain	18	61	-101.14
gain	61	18	-101.14
gain	18	62	-101.77
gain	62	18	-101.77
gain	18	63	-105.00
gain	63	18	-105.00
gain	19	20	-78.37
gain	20	19	-78.37
gain	19	21	-82.66
gain	21	19	-82.66
gain	19	22	-88.52
gain	22	19	-88.52
gain	19	23	-97.01
gain	23	19	-97.01
gain	19	24	-95.34
gain	24	19	-95.34
gain	19	25	-89.47
gain	25	19	-89.47
gain	19	26	-80.54
gain	26	19	-80.54
gain	19	27	-74.13
gain	27	19	-74.13
gain	19	28	-71.59
gain	28	19	-71.59
gain	19	29	-88.16
gain	29	19	-88.16
gain	19	30	-91.72
gain	30	19	-91.72
gain	19	31	-103.38
gain	31	19	-103.38
gain	19	32	-86.20
gain	32	19	-86.20
gain	19	33	-88.78
gain	33	19	-88.78
gain	19	34	-87.59
gain	34	19	-87.59
gain	19	35	-82.05
gain	35	19	-82.05
gain	19	36	-87.19
gain	36	19	-87.19
gain	19	37	-87.31
gain	37	19	-87.31
gain	19	38	-99.37
gain	38	19	-99.37
gain	19	39	-98.05
gain	39	19	-98.05
gain	19	40	-98.77
gain	40	19	-98.77
gain	19	41	-95.98
gain	41	19	-95.98
gain	19	42	-94.36
gain	42	19	-94.36
gain	19	43	-87.58
gain	43	19	-87.58
gain	19	44	-93.83
gain	44	19	-93.83
gain	19	45	-91.39
gain	45	19	-91.39
gain	19	46	-94.58
gain	46	19	-94.58
gain	19	47	-100.77
gain	47	19	-100.77
gain	19	48	-107.86
gain	48	19	-107.86
gain	19	49	-99.52
gain	49	19	-99.52
gain	19	50	-98.73
gain	50	19	-98.73
gain	19	51	-98.35
gain	51	19	-98.35
gain	19	52	-92.37
gain	52	19	-92.37
gain	19	53	-103.20
gain	53	19	-103.20
gain	19	54	-97.03
gain	54	19	-97.03
gain	19	55	-101.16
gain	55	19	-101.16
gain	19	56	-108.09
gain	56	19	-108.09
gain	19	57	-105.15
gain	57	19	-105.15
gain	19	58	-101.49
gain	58	19	-101.49
gain	19	59	-101.89
gain	59	19	-101.89
gain	19	60	-100.27
gain	60	19	-100.27
gain	19	61	-105.21
gain	61	19	-105.21
gain	19	62	-105.15
gain	62	19	-105.15
gain	19	63	-104.64
gain	63	19	-104.64
gain	20	21	-66.67
gain	21	20	-66.67
gain	20	22	-81.35
gain	22	20	-81.35
gain	20	23	-93.48
gain	23	20	-93.48
gain	20	24	-102.54
gain	24	20	-102.54
gain	20	25	-94.72
gain	25	20	-94.72
gain	20	26	-86.16
gain	26	20	-86.16
gain	20	27	-77.08
gain	27	20	-77.08
gain	20	28	-67.46
gain	28	20	-67.46
gain	20	29	-74.72
gain	29	20	-74.72
gain	20	30	-90.01
gain	30	20	-90.01
gain	20	31	-92.44
gain	31	20	-92.44
gain	20	32	-105.71
gain	32	20	-105.71
gain	20	33	-96.54
gain	33	20	-96.54
gain	20	34	-89.14
gain	34	20	-89.14
gain	20	35	-84.86
gain	35	20	-84.86
gain	20	36	-84.00
gain	36	20	-84.00
gain	20	37	-83.06
gain	37	20	-83.06
gain	20	38	-91.57
gain	38	20	-91.57
gain	20	39	-96.17
gain	39	20	-96.17
gain	20	40	-101.32
gain	40	20	-101.32
gain	20	41	-97.81
gain	41	20	-97.81
gain	20	42	-92.75
gain	42	20	-92.75
gain	20	43	-88.60
gain	43	20	-88.60
gain	20	44	-92.50
gain	44	20	-92.50
gain	20	45	-97.45
gain	45	20	-97.45
gain	20	46	-95.81
gain	46	20	-95.81
gain	20	47	-95.36
gain	47	20	-95.36
gain	20	48	-106.62
gain	48	20	-106.62
gain	20	49	-97.02
gain	49	20	-97.02
gain	20	50	-104.34
gain	50	20	-104.34
gain	20	51	-99.65
gain	51	20	-99.65
gain	20	52	-98.73
gain	52	20	-98.73
gain	20	53	-98.35
gain	53	20	-98.35
gain	20	54	-99.71
gain	54	20	-99.71
gain	20	55	-98.23
gain	55	20	-98.23
gain	20	56	-113.67
gain	56	20	-113.67
gain	20	57	-109.70
gain	57	20	-109.70
gain	20	58	-103.86
gain	58	20	-103.86
gain	20	59	-101.03
gain	59	20	-101.03
gain	20	60	-104.00
gain	60	20	-104.00
gain	20	61	-106.12
gain	61	20	-106.12
gain	20	62	-99.11
gain	62	20	-99.11
gain	20	63	-107.77
gain	63	20	-107.77
gain	21	22	-69.98
